### sphere ###
Algo    Results                                                                                                 Average
t 0,    0.005875, 0.005949, 0.006079, 0.006141, 0.005906, 0.005922, 0.005805, 0.010299, 0.010541, 0.005842, 0.00757859765625
t 2,    0.080934, 0.084643, 0.067650, 0.098510, 0.089792, 0.124492, 0.119214, 0.100327, 0.116829, 0.120338, 0.116018634765625
t 4,    0.385363, 0.151317, 0.166734, 0.346098, 0.338101, 0.167617, 0.239042, 0.161415, 0.262434, 0.161294, 0.1962967578125
t 8,    0.554950, 0.293806, 0.563140, 0.391471, 0.454695, 0.239072, 0.414958, 0.451040, 0.575215, 0.279986, 0.38760309375
omp,    0.005116, 0.003140, 0.003080, 0.003173, 0.004925, 0.005016, 0.003070, 0.003059, 0.004951, 0.003230, 0.0037136484374999997
### teapot ###
Algo    Results                                                                                                 Average
t 0,    0.526792, 0.612381, 0.442466, 0.420526, 0.564487, 0.550663, 0.636824, 0.421703, 0.434965, 0.419209, 0.444127142578125
t 2,    0.325530, 0.373795, 0.376287, 0.311263, 0.390870, 0.319312, 0.281859, 0.311978, 0.329739, 0.309647, 0.315225013671875
t 4,    0.406614, 0.346545, 0.417499, 0.535163, 0.410363, 0.304925, 0.431529, 0.316353, 0.624905, 0.458941, 0.47543509570312503
t 8,    0.598255, 0.496876, 0.520203, 0.455395, 0.515771, 0.401255, 0.900441, 0.521495, 1.005747, 0.805486, 0.803971072265625
omp,    0.229903, 0.229317, 0.233216, 0.353322, 0.267510, 0.232121, 0.220329, 0.233675, 0.229877, 0.274236, 0.2535690546875
### locomotive ###
Algo    Results                                                                                                 Average
t 0,    12.996597, 12.274613, 12.517037, 12.425368, 12.355926, 12.374153, 13.791347, 12.368034, 13.145832, 13.049431, 12.9942162578125
t 2,    6.170926, 8.227439, 9.268093, 7.985838, 8.996794, 8.045172, 6.197693, 7.471884, 8.441834, 7.766069, 7.833535498046875
t 4,    5.400277, 5.526625, 6.552402, 5.357499, 5.058658, 6.494945, 4.936851, 4.891753, 5.481306, 5.626644, 5.47447176171875
t 8,    7.149787, 6.076806, 4.631660, 4.695945, 4.837857, 4.886440, 4.494166, 5.071819, 4.759606, 6.782965, 5.805152197265625
omp,    6.789170, 6.776247, 6.388602, 6.368989, 6.429258, 7.021979, 6.649562, 6.514943, 6.458308, 6.923078, 6.727183658203125
### man ###
Algo    Results                                                                                                 Average
t 0,    44.925755, 43.051087, 43.451446, 43.928884, 43.143091, 43.091574, 45.373457, 43.164823, 46.194096, 43.878942, 44.42491780859375
t 2,    21.561442, 18.862798, 18.637806, 27.729384, 20.214177, 20.151062, 19.794280, 19.977485, 20.041756, 20.331899, 20.2246771640625
t 4,    16.666692, 15.897783, 17.761295, 17.929102, 17.562869, 18.438026, 18.029974, 19.509671, 18.144774, 19.307338, 18.879106548828126
t 8,    17.319700, 16.968191, 14.798321, 16.900124, 16.456804, 21.255445, 16.007008, 15.524506, 29.366912, 17.902729, 20.412270666015626
omp,    24.498528, 23.517973, 39.044888, 24.100296, 23.196271, 23.411873, 25.230934, 23.874431, 25.134977, 24.748864, 24.748061150390626
### bouddha1m ###
Algo    Results                                                                                                 Average
t 0,    78.779360, 76.084108, 73.953257, 75.645933, 77.697735, 75.414220, 76.989846, 75.089445, 73.672975, 78.726294, 76.73248970703125
t 2,    69.831854, 41.888378, 31.776091, 31.866711, 34.660286, 34.582721, 34.769312, 35.188807, 32.062311, 45.229362, 39.41550623828125
t 4,    28.103574, 26.196860, 29.980734, 27.836147, 30.053138, 29.826010, 27.352331, 29.353437, 28.315867, 27.014364, 27.80712983203125
t 8,    27.227433, 26.829380, 29.439827, 25.943735, 28.868804, 26.436468, 26.897862, 25.319795, 39.845269, 27.788856, 30.402315154296872
omp,    40.245324, 39.003524, 39.988558, 40.487157, 39.156610, 38.634693, 39.136667, 38.307007, 39.582145, 38.536281, 38.844544625